111110000110011010111100101111011110100111010100110001100000010111111101101100011100010010100010000100110101100111001110111110111000010110101101101001101100010110100000001111111010111000010110110111111100000111111101111010010100001001100000110101100000100001011100011101110100100110111110
111100011110110000111000100101000010110011000111111100100011100100010100110011010111111011111110100111001000110011001101101111110111001100100100100100111110101110101000001111100100101100100110011011110010011101001100110100100110010101110011001100011011101111000101010010110111000101010101
111111111110000011100001100100101000111000000101110011100100110100011110100111101101100101110101000101011110110111101110100111111000111111001110101110110101111110110000111100001010101010111101101110110001101100011011110000010100010001111011011101110011110000110111100101101010110110011001
100111000110001010101000001101010010111010011111011000101100100100010101101000110101101011101011111110010101111111010101100001111011011100000000111111011100001101101001001111001010100110111110111111110000101111011101111101110100101111100100111111000001110011010100011100100111110111001111
111100011110110000111000100101000010110011000111111100100011100100010100110011010111111011111110100111001000110011001101101111110111001100100100100100111110101110101000001111100100101100100110011011110010011101001100110100100110010101110011001100011011101111000101010010110111000101010101
111111011110111001100001000110010100111000110110110010100010110110000000100100011101100001111101101101011010111111011110110011110000110100110100110110010111100110110010001111010000100010101100101001100110010100110000101110100110110101110010101111001011111110001110001100101100001110101110
111001011101010111101011111101000111110010101101001110101001111100010011111000001110011110111001001100000110101101000101111001111001010110110101101100000110101011101100110101101111111001111110000100100000101100111111110011001111110011110101000100101101100011100111111000101011111100010010
111100011110110000111000100101000010110011000111111100100011100100010100110011010111111011111110100111001000110011001101101111110111001100100100100100111110101110101000001111100100101100100110011011110010011101001100110100100110010101110011001100011011101111000101010010110111000101010101
101110000110100100110010000110111100111100011111000100111110100111101010110111100111101011101101110110000101100011001111100111100110111110111101100011011110000010110111110100011100100001000111001110111011101100001101110111111111110011100010000100011100101011011110111001100010010110000110
111011011101111011110011110100111011110101001101101111101000010101100011111010011100110111110011110110010111111101011111111101101010010100000100101000100110011000100101011101101000100110111111010101110110111100101000111101010110101010111110000100100011101100000111000101110111010111101001
100010100110000000100111100110111001101010010101011011111111001101000110110100111111001100111001011111100001101011101101010111100010101101110111100110101100011010111001000101001011111000010100001111101100100110110001100101011101000011110111111100011110111011100101101100111111110110011010
111101101101001011111111010111100101110100000110110000101110001110000101111000000101011010100101010101101011100000011100110010111000000111011101111100001110011111110110010100011011101000011110111111111111111101101001100000100110010110101110001101101000111101010110000100101101101100111100
100010110100000101110111010110010111101100110100100110100101110110100011111111010110100101111001100111011111101010100101001010100101011101010001100110100101100101100010001110111011101101010110101100110101000110010001101000001101010001101100101111101001101101001111001111110110100100010111
111001110101001010101010011110100011110100100110100001101111000101001010101111100100110000101101010110011001101110110111010110111100001110010111101100001111010101100101001100000111100000011110000011110111111100101111100001111100010011101011110111011011100001000111001000110111100101110101
111000111110101110110110111101011100101101100110101011110101011100001111111010110101110111100111100100010010101110000111111011101110111110011101100000001111100010110001001110011001101011101111010111111011101111110111100001100100111111111110110110110000110100110100011101101100110110111011
110100011100101010100111011110110111100010010100010100110000101111101011111001011111000001110100010110110110110101111101011000101011100111001100101011111101101010101001100101001011111000001111101001110010111110010001100011111111001101110111000110010101111100110101101001100100110100010001
101010010101010110111100011111110011100010011100111100101100100100001001111111101100111011111010000110101110111001011110100111101101011101001000110101001101111111101101001111101000100011100111010101101101101100111110101100011100110000101101000100100010100010000101000010111000000111010110
101010000101100011101010111111100011101110010100010011100010101101100100110101101110101010110011001110111010111110000100010111111100110100010110100100110111100001100100101110111000100001111101010110100100010100110110111101000110101010100111001111010101100000010101000110111110110101011001
110100010111101111101011010100010111101010100110010000110010111110101100100110011110001011101001111110100000111010001110011100110011000111111001111101001101010101100110110100101010100100001100000010101000001101111101110010010101100000100111100101011111101010000100011001110100001100010100
100110000111110111111110010111100000101111110100101000101111010110101000110010100111011100110100110100101011100000011101001000101001110101010100100001101100110010101100001100111011110101111101011111110010000100100101111010111100111011100110011100100101101101110111011111110001000111010001
111001011101010111110110010101010000100101000111110010101010100100100110101100111101000100101010110100010101101010100101001101111111111100100000101010101100001101101111001100110111111001111110110010101110001100111010101000010100010011111110101100100101100100100111010110111111111101001110
110000100110010011100010000100001011100010001110100010111111110101100010101011011111001111110010111111111100100110001100111111110000011110110101110000000110111010101001111111010010111000000100010110100100010100010000100001001111011011110010011110111111111100001110000100111101110101000101
110010000111100100110011101101100111101011000101111010111100011100100001100110110111110110100101001100011111111000010101001000101101101110001111110100111100100100101010111100000110101110000111111000100000100111111111101000001110110010100100111111101001111001101101110101100010000110001110
101010010111111000111100010100011000111000011101111011111010100101010110111100100101011100111000011110111100111100110101110111100111001111110100110101111110110111110110001101001110100010010101000111111110110111111101101101011111000000111101010100111100111010101110101100110000001100101001
111101110111100000111001010100101110101011100101110101100001011100100010110110101111110110110110111101000110101011100111011000101000010100010000100100100100110011101110100110101001111000000100101011101101100100110101100101010111011010111010001110011001110110010111100000111011001100011100
100101100101101010110000010111000111110001010101010101110101010101101010101010101100010111100101101101101100100011010100111000100001010101110100100110100101111010100001001101011000111010001101111001110010011100000110100100101101100001111011101111001101100001111111001100100011011100110010
101101100110110010101010111101110110110111101100101110110010011101000101101001011100100001110000010110100011101110011110001011101100010101111000111010001100111101101001010100111100100111011100011000100000101100000000101101110100011111111111100100101001100111010100010001100110010100011011
100110101100001010101110010110001000111010101110010100110001101100111110101000110110010101101001111110100010101010000101001111100110111101011010111110111111111110100111110100100010110110100100010010100101100111101001100011111101000000100101111111100100100101100111011011110111000101111111
110101111110010111110000011100000000101101011111010011110000111101011000111110110111101000111011111100111001100111101110001000110001011100001001110111010111111000100010010101011111111000110101100111110101101111100101100011001111111100100101101110111001100111100110001011101110001111011110
100100110101000110110100110100111011110011100101110010100100110100001000111111010101010100101010011100001001111100011110011001110110100101100100100011100110100010101000111100000110111001010111001000111001100110010011101010010100100000111111100111000000110101110100011010101001111110011000
100111000100100100111101001100110011110100011100000101100011100100011110101011011110100011111010111100110001111010110111110100110000101100110011101101010111001011101011110110000011111000100101010000101010010110000100111100011110101011101111111111011111101000000110100011110111100111101000
111111010110010001110000110101010001111010110111001100101111001100011010110101110111010111100011111110010101110100110110000011101001001100011100111001101101111100110011111110000001111110000111011010100011000111100010100001000110001001101111001100011110110011100101101101100100011101000111
101100001110000111111001111101011011101111000111011000100110010101011101110001110111011010101101001110000100101011111111111101111111110101011110111101110101000110110010100100101101100010001111010100110000000110000111110011101111110011101100001101100011101111010111101101110110110100100111
111110100101011100100100011100010011110111101101001000110001110101001010100000000111100111100000110111010101110000101111000101101000000111111011110100010110001111111101010110010100111100011100000111110001010110011100101010010101100011101110000110011010111010110111000100110001100100011000
101101100110110010101010111101110110110111101100101110110010011101000101101001011100100001110000010110100011101110011110001011101100010101111000111010001100111101101001010100111100100111011100011000100000101100000000101101110100011111111111100100101001100111010100010001100110010100011011
100110111100010011110111011111111101101110110111011100110101010111000001110100110111011000100110001101101101111000101110111000111100010110111100111001010111110100110110100101111111100101100101110110101111111110010101100111010111110010111101101101100101100110110100111110111001001100100101
110000110110010001100010100110101000100001111110000001111011110100110000100110000110100001100111011111101001110001010100010110100011000111111001100010111111001001100000001101000111111111100110111000100011001111100000110010010101101110100101101101010010111001110101110001110110101101101000
111010110101101001111111010111110000111101110100111100110111001111100011111001101100001100100011000110101111101111000101100000101000110100001111100010001110100011110111011110101111101110011101001111110111100101100100111111101101000101110000111101100001110001010100110011100100110101010011
100010000101101111111100010111001010101011110111000000101101011110001111110110101100101010100110110101110000111000100101010110111110110100010111111101000100111001111101011111101011110101100110001011110110100110101101111010110100111100110100011101000000101010001110001101100111100111101110
101010110101101110110011001111110000110001100111101100100100101101001100110000011101101000111111111101111010101011011111101101100000011101001110110010111110011000110111111100111100100001101101110011110111011101010111111100000110111000101010000111001110100010100101011011101001000111000110
111011101111101100101101011111010000110101000111110111100001010101100010111000101101001001111001110101101100101000000110001000101111001100010111110000100101101100111001011111111111101011101101111111100011010111011000100101100111101100111101000111110000100010010101000001101001011100111111
110010000111000111111110001110101100111101000101110111111110001110100001101010111111010111101100000101110001111010000111111001111001111101011010101100100111111100111000001111010100110001000110011101110110010110111100110010011100101100110001111111110011100110101100000100111001101101011100
110100111101000101100011010111100000110000111101101110100000010101011100110110011100010100100101000100111000100011111100001100100111000110001111111110000101000010100110111111000110110100010110101110111110010100000011101100010100001111111001000111101100100111000101000101100100011100010100
111100111101000000110100110111111010111110010111011011101100101111110101110000101100110001101001000111010111101011101110011010100110011101011101101111100101001011110010100110101011100010000101101111111100101111110010100110111110111100100110100111111101111001111111000111101000101110000100
111011011110110111101011000110000110110111000101111010100100001111111110100011101101000100111111010110011100101000101101010100110001000110110100101010110111000001100101000100110001101000100110111010111001010110001010100010000110010110110001100100000010100010101110011110110101100101010001
111111000110101011111010110111110000110001111111001011111101000110000000101010000100100111111111011111001100100000000111111011110100100100101110101010000101001101111101000100111001110001010101110000110000111101100111100111110100110010110100110100110101110101101101110101110000101101000110
101011110100001011101111100101100010101111111100111110100011111111011110101100100100010010101100001100111100101111100101011110111011010110101001110001000101110110101010101100000000111101101111011001100101000100011001110010000111101100101011001101101100101101010101110001100000101100111111
100010001110001111101011110110011010100000000110010111111101100110011011100010100111110101111001101101000001101010111100110101111001011111001001100011000110111110111011000110111101101010010101010000100001000101001101110001110110111111110100001110101000110110011110110011101110011101100100
111101010111101111100000011100101001111100000110100011101101011100000011101001000111011010110111101110101000101010011100110110110111100111011101101000110101010001111000011110010000101101110101011000100000001111101001101010001110111001101100001100011011101001101100111001101010010110001110
100110001100101001111011001101010010100110011101000011100010100110110010100101000111111111101001010101100111100000000101100000101001001101111110110100001101101110110111010100101010111111010111100101111110101110100100110011101100111111111100001100100101101100111101011000101101100110010111
111100001100101110101010101110010000110110010101111000100001000100110100110010110101001111101100001100111100110001100111101101100001001100110100110110101111010001101111101101000100100001100101001111111001011111101010111100000101001111101001000100110111100111101100001010101000101101111010
111100111101000000110100110111111010111110010111011011101100101111110101110000101100110001101001000111010111101011101110011010100110011101011101101111100101001011110010100110101011100010000101101111111100101111110010100110111110111100100110100111111101111001111111000111101000101110000100
101100101111101010101101001110010001101101111100100101110111111101010110101101111100110111101101101100001101100110000100001001110000000100101011100111101101000111111000001101011010110100010110001001110101111100111100101001100101101000110111110100011001111100000111110011101010110111101100
100011011111001001101111101101100110111001011111000101100001011110011101111101110100101000111000000101000000111110010101110001100101110110000011101011001101000010111010011110100100101001101111001011100000100101101111111010000100110100111100000100110000110111100101010001111111111101011000
100110111100010011110111011111111101101110110111011100110101010111000001110100110111011000100110001101101101111000101110111000111100010110111100111001010111110100110110100101111111100101100101110110101111111110010101100111010111110010111101101101100101100110110100111110111001001100100101
110110111111000001101001111111100101101001111100101110100000010111000111100100010111110000100101101101000001110000101101111000110010011111010000101101000110101101100101010110011101111001101111011010101101001110000110100011000101000101101000001111110111101001111100101000110101011101001110
100100100100010000101000110100010100110101100110111010100101001100011000101000000111101010100110110111100101101000100111010001101000000100011000100110110101110000110111010110101100110000011110010110111111111101001010100101111111110100111011010100101001110000110110110111110111001100010110
101101011100010101100111000110101010100001111111001001111101001110000000100101101110001101100101111111111110110011011111100001100100101101100000110111010110100000110101011101001011110010010101011111100010111101000101100011101101101000111101010111110110100010100110000110100110101101011011
110100011100101010100111011110110111100010010100010100110000101111101011111001011111000001110100010110110110110101111101011000101011100111001100101011111101101010101001100101001011111000001111101001110010111110010001100011111111001101110111000110010101111100110101101001100100110100010001
101101110101011000110010011100110010101110111101001011110111101100000110111110001111100110111101000100100110111011111100101001111100000110000110111110111101110100101111110111111010100001110111101111111101001100101000110001110110101100101000011101000011100011100100111000101110101111111100
100110001101100000110010100100100110100101001101110011100100101110111101110110010110001100110000110110101011100111100111101110111101101101001010100111100101000011110001001101100110101110011100111111111010110100011011110001010111101010100000000111101110110001011100100011110110111110111100
110110011100111001111010110100000100111100110110111100111110010110111110111101111110010001100110100111000001100110100110000001110001001100001101100011001101100100111100001111010000110010111101001001111110010110110111101011111111001000100010110111000110111101110111000001100001011101010110
110100011100101010100111011110110111100010010100010100110000101111101011111001011111000001110100010110110110110101111101011000101011100111001100101011111101101010101001100101001011111000001111101001110010111110010001100011111111001101110111000110010101111100110101101001100100110100010001
111100011110110000111000100101000010110011000111111100100011100100010100110011010111111011111110100111001000110011001101101111110111001100100100100100111110101110101000001111100100101100100110011011110010011101001100110100100110010101110011001100011011101111000101010010110111000101010101
111010001100001011100110110110101010101110100110100101110011011111001111101001010110001000100011000101011000100110111111110110101011000110101111110101111100110110101000110111101111111110010110111011100010110111000011110010010110001101100001110110010011100110101111101001101000101111010010
